2022/03/08-13:35:39.447088 7fde9f940c80 RocksDB version: 6.17.0
2022/03/08-13:35:39.447159 7fde9f940c80 Git sha 0
2022/03/08-13:35:39.447188 7fde9f940c80 DB SUMMARY
2022/03/08-13:35:39.447189 7fde9f940c80 DB Session ID:  YMCW7UBDVHPPXV26Z00O
2022/03/08-13:35:39.447197 7fde9f940c80 SST files in /home/spidermonkey/challenges/.dfx/state/replicated_state/node-100/ic_consensus_pool/certification dir, Total Num: 0, files: 
2022/03/08-13:35:39.447198 7fde9f940c80 Write Ahead Log file in /home/spidermonkey/challenges/.dfx/state/replicated_state/node-100/ic_consensus_pool/certification: 
2022/03/08-13:35:39.447199 7fde9f940c80                         Options.error_if_exists: 0
2022/03/08-13:35:39.447199 7fde9f940c80                       Options.create_if_missing: 1
2022/03/08-13:35:39.447200 7fde9f940c80                         Options.paranoid_checks: 1
2022/03/08-13:35:39.447201 7fde9f940c80                               Options.track_and_verify_wals_in_manifest: 0
2022/03/08-13:35:39.447201 7fde9f940c80                                     Options.env: 0x55a2043a42e0
2022/03/08-13:35:39.447202 7fde9f940c80                                      Options.fs: Posix File System
2022/03/08-13:35:39.447202 7fde9f940c80                                Options.info_log: 0x55a23b9eb620
2022/03/08-13:35:39.447203 7fde9f940c80                Options.max_file_opening_threads: 16
2022/03/08-13:35:39.447203 7fde9f940c80                              Options.statistics: (nil)
2022/03/08-13:35:39.447204 7fde9f940c80                               Options.use_fsync: 1
2022/03/08-13:35:39.447205 7fde9f940c80                       Options.max_log_file_size: 0
2022/03/08-13:35:39.447205 7fde9f940c80                  Options.max_manifest_file_size: 1073741824
2022/03/08-13:35:39.447206 7fde9f940c80                   Options.log_file_time_to_roll: 0
2022/03/08-13:35:39.447206 7fde9f940c80                       Options.keep_log_file_num: 1000
2022/03/08-13:35:39.447207 7fde9f940c80                    Options.recycle_log_file_num: 0
2022/03/08-13:35:39.447207 7fde9f940c80                         Options.allow_fallocate: 1
2022/03/08-13:35:39.447208 7fde9f940c80                        Options.allow_mmap_reads: 0
2022/03/08-13:35:39.447208 7fde9f940c80                       Options.allow_mmap_writes: 0
2022/03/08-13:35:39.447209 7fde9f940c80                        Options.use_direct_reads: 0
2022/03/08-13:35:39.447209 7fde9f940c80                        Options.use_direct_io_for_flush_and_compaction: 0
2022/03/08-13:35:39.447210 7fde9f940c80          Options.create_missing_column_families: 1
2022/03/08-13:35:39.447210 7fde9f940c80                              Options.db_log_dir: 
2022/03/08-13:35:39.447211 7fde9f940c80                                 Options.wal_dir: /home/spidermonkey/challenges/.dfx/state/replicated_state/node-100/ic_consensus_pool/certification
2022/03/08-13:35:39.447211 7fde9f940c80                Options.table_cache_numshardbits: 6
2022/03/08-13:35:39.447212 7fde9f940c80                         Options.WAL_ttl_seconds: 0
2022/03/08-13:35:39.447212 7fde9f940c80                       Options.WAL_size_limit_MB: 0
2022/03/08-13:35:39.447213 7fde9f940c80                        Options.max_write_batch_group_size_bytes: 1048576
2022/03/08-13:35:39.447213 7fde9f940c80             Options.manifest_preallocation_size: 4194304
2022/03/08-13:35:39.447214 7fde9f940c80                     Options.is_fd_close_on_exec: 1
2022/03/08-13:35:39.447214 7fde9f940c80                   Options.advise_random_on_open: 1
2022/03/08-13:35:39.447215 7fde9f940c80                    Options.db_write_buffer_size: 0
2022/03/08-13:35:39.447215 7fde9f940c80                    Options.write_buffer_manager: 0x55a23b94cdd0
2022/03/08-13:35:39.447216 7fde9f940c80         Options.access_hint_on_compaction_start: 1
2022/03/08-13:35:39.447216 7fde9f940c80  Options.new_table_reader_for_compaction_inputs: 0
2022/03/08-13:35:39.447217 7fde9f940c80           Options.random_access_max_buffer_size: 1048576
2022/03/08-13:35:39.447217 7fde9f940c80                      Options.use_adaptive_mutex: 0
2022/03/08-13:35:39.447218 7fde9f940c80                            Options.rate_limiter: (nil)
2022/03/08-13:35:39.447240 7fde9f940c80     Options.sst_file_manager.rate_bytes_per_sec: 0
2022/03/08-13:35:39.447242 7fde9f940c80                       Options.wal_recovery_mode: 2
2022/03/08-13:35:39.447243 7fde9f940c80                  Options.enable_thread_tracking: 0
2022/03/08-13:35:39.447243 7fde9f940c80                  Options.enable_pipelined_write: 0
2022/03/08-13:35:39.447244 7fde9f940c80                  Options.unordered_write: 0
2022/03/08-13:35:39.447245 7fde9f940c80         Options.allow_concurrent_memtable_write: 1
2022/03/08-13:35:39.447245 7fde9f940c80      Options.enable_write_thread_adaptive_yield: 1
2022/03/08-13:35:39.447246 7fde9f940c80             Options.write_thread_max_yield_usec: 100
2022/03/08-13:35:39.447246 7fde9f940c80            Options.write_thread_slow_yield_usec: 3
2022/03/08-13:35:39.447247 7fde9f940c80                               Options.row_cache: None
2022/03/08-13:35:39.447247 7fde9f940c80                              Options.wal_filter: None
2022/03/08-13:35:39.447248 7fde9f940c80             Options.avoid_flush_during_recovery: 0
2022/03/08-13:35:39.447249 7fde9f940c80             Options.allow_ingest_behind: 0
2022/03/08-13:35:39.447249 7fde9f940c80             Options.preserve_deletes: 0
2022/03/08-13:35:39.447250 7fde9f940c80             Options.two_write_queues: 0
2022/03/08-13:35:39.447250 7fde9f940c80             Options.manual_wal_flush: 0
2022/03/08-13:35:39.447251 7fde9f940c80             Options.atomic_flush: 0
2022/03/08-13:35:39.447251 7fde9f940c80             Options.avoid_unnecessary_blocking_io: 0
2022/03/08-13:35:39.447252 7fde9f940c80                 Options.persist_stats_to_disk: 0
2022/03/08-13:35:39.447252 7fde9f940c80                 Options.write_dbid_to_manifest: 0
2022/03/08-13:35:39.447253 7fde9f940c80                 Options.log_readahead_size: 0
2022/03/08-13:35:39.447253 7fde9f940c80                 Options.file_checksum_gen_factory: Unknown
2022/03/08-13:35:39.447254 7fde9f940c80                 Options.best_efforts_recovery: 0
2022/03/08-13:35:39.447254 7fde9f940c80                Options.max_bgerror_resume_count: 2147483647
2022/03/08-13:35:39.447255 7fde9f940c80            Options.bgerror_resume_retry_interval: 1000000
2022/03/08-13:35:39.447255 7fde9f940c80             Options.allow_data_in_errors: 0
2022/03/08-13:35:39.447256 7fde9f940c80             Options.db_host_id: __hostname__
2022/03/08-13:35:39.447256 7fde9f940c80             Options.max_background_jobs: 2
2022/03/08-13:35:39.447257 7fde9f940c80             Options.max_background_compactions: -1
2022/03/08-13:35:39.447257 7fde9f940c80             Options.max_subcompactions: 1
2022/03/08-13:35:39.447258 7fde9f940c80             Options.avoid_flush_during_shutdown: 0
2022/03/08-13:35:39.447258 7fde9f940c80           Options.writable_file_max_buffer_size: 1048576
2022/03/08-13:35:39.447259 7fde9f940c80             Options.delayed_write_rate : 16777216
2022/03/08-13:35:39.447259 7fde9f940c80             Options.max_total_wal_size: 0
2022/03/08-13:35:39.447260 7fde9f940c80             Options.delete_obsolete_files_period_micros: 21600000000
2022/03/08-13:35:39.447260 7fde9f940c80                   Options.stats_dump_period_sec: 600
2022/03/08-13:35:39.447261 7fde9f940c80                 Options.stats_persist_period_sec: 600
2022/03/08-13:35:39.447261 7fde9f940c80                 Options.stats_history_buffer_size: 1048576
2022/03/08-13:35:39.447262 7fde9f940c80                          Options.max_open_files: -1
2022/03/08-13:35:39.447262 7fde9f940c80                          Options.bytes_per_sync: 0
2022/03/08-13:35:39.447263 7fde9f940c80                      Options.wal_bytes_per_sync: 0
2022/03/08-13:35:39.447263 7fde9f940c80                   Options.strict_bytes_per_sync: 0
2022/03/08-13:35:39.447264 7fde9f940c80       Options.compaction_readahead_size: 0
2022/03/08-13:35:39.447264 7fde9f940c80                  Options.max_background_flushes: -1
2022/03/08-13:35:39.447265 7fde9f940c80 Compression algorithms supported:
2022/03/08-13:35:39.447266 7fde9f940c80 	kZSTDNotFinalCompression supported: 1
2022/03/08-13:35:39.447289 7fde9f940c80 	kZSTD supported: 1
2022/03/08-13:35:39.447291 7fde9f940c80 	kXpressCompression supported: 0
2022/03/08-13:35:39.447292 7fde9f940c80 	kLZ4HCCompression supported: 1
2022/03/08-13:35:39.447293 7fde9f940c80 	kLZ4Compression supported: 1
2022/03/08-13:35:39.447293 7fde9f940c80 	kBZip2Compression supported: 1
2022/03/08-13:35:39.447294 7fde9f940c80 	kZlibCompression supported: 1
2022/03/08-13:35:39.447294 7fde9f940c80 	kSnappyCompression supported: 1
2022/03/08-13:35:39.447298 7fde9f940c80 Fast CRC32 supported: Supported on x86
2022/03/08-13:35:39.450340 7fde9f940c80 [db/db_impl/db_impl_open.cc:283] Creating manifest 1 
2022/03/08-13:35:39.459135 7fde9f940c80 [db/version_set.cc:4758] Recovering from manifest file: /home/spidermonkey/challenges/.dfx/state/replicated_state/node-100/ic_consensus_pool/certification/MANIFEST-000001
2022/03/08-13:35:39.459244 7fde9f940c80 [db/column_family.cc:595] --------------- Options for column family [default]:
2022/03/08-13:35:39.459246 7fde9f940c80               Options.comparator: leveldb.BytewiseComparator
2022/03/08-13:35:39.459247 7fde9f940c80           Options.merge_operator: None
2022/03/08-13:35:39.459248 7fde9f940c80        Options.compaction_filter: None
2022/03/08-13:35:39.459249 7fde9f940c80        Options.compaction_filter_factory: None
2022/03/08-13:35:39.459249 7fde9f940c80  Options.sst_partitioner_factory: None
2022/03/08-13:35:39.459250 7fde9f940c80         Options.memtable_factory: SkipListFactory
2022/03/08-13:35:39.459251 7fde9f940c80            Options.table_factory: BlockBasedTable
2022/03/08-13:35:39.459272 7fde9f940c80            table_factory options:   flush_block_policy_factory: FlushBlockBySizePolicyFactory (0x55a23b8bc420)
  cache_index_and_filter_blocks: 0
  cache_index_and_filter_blocks_with_high_priority: 1
  pin_l0_filter_and_index_blocks_in_cache: 0
  pin_top_level_index_and_filter: 1
  index_type: 0
  data_block_index_type: 0
  index_shortening: 1
  data_block_hash_table_util_ratio: 0.750000
  hash_index_allow_collision: 1
  checksum: 1
  no_block_cache: 0
  block_cache: 0x55a23b91f410
  block_cache_name: LRUCache
  block_cache_options:
    capacity : 8388608
    num_shard_bits : 4
    strict_capacity_limit : 0
    memory_allocator : None
    high_pri_pool_ratio: 0.000
  block_cache_compressed: (nil)
  persistent_cache: (nil)
  block_size: 4096
  block_size_deviation: 10
  block_restart_interval: 16
  index_block_restart_interval: 1
  metadata_block_size: 4096
  partition_filters: 0
  use_delta_encoding: 1
  filter_policy: nullptr
  whole_key_filtering: 1
  verify_compression: 0
  read_amp_bytes_per_bit: 0
  format_version: 4
  enable_index_compression: 1
  block_align: 0
2022/03/08-13:35:39.459273 7fde9f940c80        Options.write_buffer_size: 67108864
2022/03/08-13:35:39.459273 7fde9f940c80  Options.max_write_buffer_number: 2
2022/03/08-13:35:39.459274 7fde9f940c80          Options.compression: Snappy
2022/03/08-13:35:39.459274 7fde9f940c80                  Options.bottommost_compression: Disabled
2022/03/08-13:35:39.459275 7fde9f940c80       Options.prefix_extractor: nullptr
2022/03/08-13:35:39.459275 7fde9f940c80   Options.memtable_insert_with_hint_prefix_extractor: nullptr
2022/03/08-13:35:39.459276 7fde9f940c80             Options.num_levels: 7
2022/03/08-13:35:39.459277 7fde9f940c80        Options.min_write_buffer_number_to_merge: 1
2022/03/08-13:35:39.459277 7fde9f940c80     Options.max_write_buffer_number_to_maintain: 0
2022/03/08-13:35:39.459278 7fde9f940c80     Options.max_write_buffer_size_to_maintain: 0
2022/03/08-13:35:39.459278 7fde9f940c80            Options.bottommost_compression_opts.window_bits: -14
2022/03/08-13:35:39.459279 7fde9f940c80                  Options.bottommost_compression_opts.level: 32767
2022/03/08-13:35:39.459279 7fde9f940c80               Options.bottommost_compression_opts.strategy: 0
2022/03/08-13:35:39.459280 7fde9f940c80         Options.bottommost_compression_opts.max_dict_bytes: 0
2022/03/08-13:35:39.459280 7fde9f940c80         Options.bottommost_compression_opts.zstd_max_train_bytes: 0
2022/03/08-13:35:39.459319 7fde9f940c80         Options.bottommost_compression_opts.parallel_threads: 1
2022/03/08-13:35:39.459321 7fde9f940c80                  Options.bottommost_compression_opts.enabled: false
2022/03/08-13:35:39.459322 7fde9f940c80            Options.compression_opts.window_bits: -14
2022/03/08-13:35:39.459323 7fde9f940c80                  Options.compression_opts.level: 32767
2022/03/08-13:35:39.459323 7fde9f940c80               Options.compression_opts.strategy: 0
2022/03/08-13:35:39.459324 7fde9f940c80         Options.compression_opts.max_dict_bytes: 0
2022/03/08-13:35:39.459324 7fde9f940c80         Options.compression_opts.zstd_max_train_bytes: 0
2022/03/08-13:35:39.459325 7fde9f940c80         Options.compression_opts.parallel_threads: 1
2022/03/08-13:35:39.459325 7fde9f940c80                  Options.compression_opts.enabled: false
2022/03/08-13:35:39.459326 7fde9f940c80      Options.level0_file_num_compaction_trigger: 4
2022/03/08-13:35:39.459326 7fde9f940c80          Options.level0_slowdown_writes_trigger: 20
2022/03/08-13:35:39.459327 7fde9f940c80              Options.level0_stop_writes_trigger: 36
2022/03/08-13:35:39.459327 7fde9f940c80                   Options.target_file_size_base: 67108864
2022/03/08-13:35:39.459328 7fde9f940c80             Options.target_file_size_multiplier: 1
2022/03/08-13:35:39.459328 7fde9f940c80                Options.max_bytes_for_level_base: 268435456
2022/03/08-13:35:39.459329 7fde9f940c80 Options.level_compaction_dynamic_level_bytes: 0
2022/03/08-13:35:39.459329 7fde9f940c80          Options.max_bytes_for_level_multiplier: 10.000000
2022/03/08-13:35:39.459331 7fde9f940c80 Options.max_bytes_for_level_multiplier_addtl[0]: 1
2022/03/08-13:35:39.459332 7fde9f940c80 Options.max_bytes_for_level_multiplier_addtl[1]: 1
2022/03/08-13:35:39.459333 7fde9f940c80 Options.max_bytes_for_level_multiplier_addtl[2]: 1
2022/03/08-13:35:39.459333 7fde9f940c80 Options.max_bytes_for_level_multiplier_addtl[3]: 1
2022/03/08-13:35:39.459334 7fde9f940c80 Options.max_bytes_for_level_multiplier_addtl[4]: 1
2022/03/08-13:35:39.459334 7fde9f940c80 Options.max_bytes_for_level_multiplier_addtl[5]: 1
2022/03/08-13:35:39.459335 7fde9f940c80 Options.max_bytes_for_level_multiplier_addtl[6]: 1
2022/03/08-13:35:39.459335 7fde9f940c80       Options.max_sequential_skip_in_iterations: 8
2022/03/08-13:35:39.459336 7fde9f940c80                    Options.max_compaction_bytes: 1677721600
2022/03/08-13:35:39.459336 7fde9f940c80                        Options.arena_block_size: 8388608
2022/03/08-13:35:39.459337 7fde9f940c80   Options.soft_pending_compaction_bytes_limit: 68719476736
2022/03/08-13:35:39.459337 7fde9f940c80   Options.hard_pending_compaction_bytes_limit: 274877906944
2022/03/08-13:35:39.459338 7fde9f940c80       Options.rate_limit_delay_max_milliseconds: 100
2022/03/08-13:35:39.459338 7fde9f940c80                Options.disable_auto_compactions: 0
2022/03/08-13:35:39.459340 7fde9f940c80                        Options.compaction_style: kCompactionStyleLevel
2022/03/08-13:35:39.459341 7fde9f940c80                          Options.compaction_pri: kMinOverlappingRatio
2022/03/08-13:35:39.459341 7fde9f940c80 Options.compaction_options_universal.size_ratio: 1
2022/03/08-13:35:39.459342 7fde9f940c80 Options.compaction_options_universal.min_merge_width: 2
2022/03/08-13:35:39.459342 7fde9f940c80 Options.compaction_options_universal.max_merge_width: 4294967295
2022/03/08-13:35:39.459343 7fde9f940c80 Options.compaction_options_universal.max_size_amplification_percent: 200
2022/03/08-13:35:39.459343 7fde9f940c80 Options.compaction_options_universal.compression_size_percent: -1
2022/03/08-13:35:39.459344 7fde9f940c80 Options.compaction_options_universal.stop_style: kCompactionStopStyleTotalSize
2022/03/08-13:35:39.459344 7fde9f940c80 Options.compaction_options_fifo.max_table_files_size: 1073741824
2022/03/08-13:35:39.459345 7fde9f940c80 Options.compaction_options_fifo.allow_compaction: 0
2022/03/08-13:35:39.459350 7fde9f940c80                   Options.table_properties_collectors: 
2022/03/08-13:35:39.459359 7fde9f940c80                   Options.inplace_update_support: 0
2022/03/08-13:35:39.459359 7fde9f940c80                 Options.inplace_update_num_locks: 10000
2022/03/08-13:35:39.459360 7fde9f940c80               Options.memtable_prefix_bloom_size_ratio: 0.000000
2022/03/08-13:35:39.459361 7fde9f940c80               Options.memtable_whole_key_filtering: 0
2022/03/08-13:35:39.459361 7fde9f940c80   Options.memtable_huge_page_size: 0
2022/03/08-13:35:39.459362 7fde9f940c80                           Options.bloom_locality: 0
2022/03/08-13:35:39.459362 7fde9f940c80                    Options.max_successive_merges: 0
2022/03/08-13:35:39.459363 7fde9f940c80                Options.optimize_filters_for_hits: 0
2022/03/08-13:35:39.459363 7fde9f940c80                Options.paranoid_file_checks: 0
2022/03/08-13:35:39.459364 7fde9f940c80                Options.force_consistency_checks: 1
2022/03/08-13:35:39.459364 7fde9f940c80                Options.report_bg_io_stats: 0
2022/03/08-13:35:39.459365 7fde9f940c80                               Options.ttl: 2592000
2022/03/08-13:35:39.459365 7fde9f940c80          Options.periodic_compaction_seconds: 0
2022/03/08-13:35:39.459366 7fde9f940c80                    Options.enable_blob_files: false
2022/03/08-13:35:39.459366 7fde9f940c80                        Options.min_blob_size: 0
2022/03/08-13:35:39.459367 7fde9f940c80                       Options.blob_file_size: 268435456
2022/03/08-13:35:39.459367 7fde9f940c80                Options.blob_compression_type: NoCompression
2022/03/08-13:35:39.459368 7fde9f940c80       Options.enable_blob_garbage_collection: false
2022/03/08-13:35:39.459368 7fde9f940c80   Options.blob_garbage_collection_age_cutoff: 0.250000
2022/03/08-13:35:39.460301 7fde9f940c80 [db/version_set.cc:4798] Recovered from manifest file:/home/spidermonkey/challenges/.dfx/state/replicated_state/node-100/ic_consensus_pool/certification/MANIFEST-000001 succeeded,manifest_file_number is 1, next_file_number is 3, last_sequence is 0, log_number is 0,prev_log_number is 0,max_column_family is 0,min_log_number_to_keep is 0
2022/03/08-13:35:39.460306 7fde9f940c80 [db/version_set.cc:4813] Column family [default] (ID 0), log number is 0
2022/03/08-13:35:39.460353 7fde9f940c80 [db/version_set.cc:4112] Creating manifest 3
2022/03/08-13:35:39.471850 7fde9f940c80 [db/column_family.cc:595] --------------- Options for column family [CE]:
2022/03/08-13:35:39.471858 7fde9f940c80               Options.comparator: leveldb.BytewiseComparator
2022/03/08-13:35:39.471859 7fde9f940c80           Options.merge_operator: None
2022/03/08-13:35:39.471861 7fde9f940c80        Options.compaction_filter: filter_outdated
2022/03/08-13:35:39.471862 7fde9f940c80        Options.compaction_filter_factory: None
2022/03/08-13:35:39.471863 7fde9f940c80  Options.sst_partitioner_factory: None
2022/03/08-13:35:39.471863 7fde9f940c80         Options.memtable_factory: SkipListFactory
2022/03/08-13:35:39.471864 7fde9f940c80            Options.table_factory: BlockBasedTable
2022/03/08-13:35:39.471883 7fde9f940c80            table_factory options:   flush_block_policy_factory: FlushBlockBySizePolicyFactory (0x55a23b8dc230)
  cache_index_and_filter_blocks: 0
  cache_index_and_filter_blocks_with_high_priority: 1
  pin_l0_filter_and_index_blocks_in_cache: 0
  pin_top_level_index_and_filter: 1
  index_type: 0
  data_block_index_type: 0
  index_shortening: 1
  data_block_hash_table_util_ratio: 0.750000
  hash_index_allow_collision: 1
  checksum: 1
  no_block_cache: 0
  block_cache: 0x55a23b94e9f0
  block_cache_name: LRUCache
  block_cache_options:
    capacity : 8388608
    num_shard_bits : 4
    strict_capacity_limit : 0
    memory_allocator : None
    high_pri_pool_ratio: 0.000
  block_cache_compressed: (nil)
  persistent_cache: (nil)
  block_size: 4096
  block_size_deviation: 10
  block_restart_interval: 16
  index_block_restart_interval: 1
  metadata_block_size: 4096
  partition_filters: 0
  use_delta_encoding: 1
  filter_policy: nullptr
  whole_key_filtering: 1
  verify_compression: 0
  read_amp_bytes_per_bit: 0
  format_version: 4
  enable_index_compression: 1
  block_align: 0
2022/03/08-13:35:39.471884 7fde9f940c80        Options.write_buffer_size: 67108864
2022/03/08-13:35:39.471885 7fde9f940c80  Options.max_write_buffer_number: 2
2022/03/08-13:35:39.471886 7fde9f940c80          Options.compression: NoCompression
2022/03/08-13:35:39.471886 7fde9f940c80                  Options.bottommost_compression: Disabled
2022/03/08-13:35:39.471887 7fde9f940c80       Options.prefix_extractor: nullptr
2022/03/08-13:35:39.471887 7fde9f940c80   Options.memtable_insert_with_hint_prefix_extractor: nullptr
2022/03/08-13:35:39.471888 7fde9f940c80             Options.num_levels: 7
2022/03/08-13:35:39.471888 7fde9f940c80        Options.min_write_buffer_number_to_merge: 1
2022/03/08-13:35:39.471889 7fde9f940c80     Options.max_write_buffer_number_to_maintain: 0
2022/03/08-13:35:39.471889 7fde9f940c80     Options.max_write_buffer_size_to_maintain: 0
2022/03/08-13:35:39.471890 7fde9f940c80            Options.bottommost_compression_opts.window_bits: -14
2022/03/08-13:35:39.471890 7fde9f940c80                  Options.bottommost_compression_opts.level: 32767
2022/03/08-13:35:39.471891 7fde9f940c80               Options.bottommost_compression_opts.strategy: 0
2022/03/08-13:35:39.471891 7fde9f940c80         Options.bottommost_compression_opts.max_dict_bytes: 0
2022/03/08-13:35:39.471892 7fde9f940c80         Options.bottommost_compression_opts.zstd_max_train_bytes: 0
2022/03/08-13:35:39.471893 7fde9f940c80         Options.bottommost_compression_opts.parallel_threads: 1
2022/03/08-13:35:39.471893 7fde9f940c80                  Options.bottommost_compression_opts.enabled: false
2022/03/08-13:35:39.471894 7fde9f940c80            Options.compression_opts.window_bits: -14
2022/03/08-13:35:39.471894 7fde9f940c80                  Options.compression_opts.level: 32767
2022/03/08-13:35:39.471895 7fde9f940c80               Options.compression_opts.strategy: 0
2022/03/08-13:35:39.471895 7fde9f940c80         Options.compression_opts.max_dict_bytes: 0
2022/03/08-13:35:39.471896 7fde9f940c80         Options.compression_opts.zstd_max_train_bytes: 0
2022/03/08-13:35:39.471896 7fde9f940c80         Options.compression_opts.parallel_threads: 1
2022/03/08-13:35:39.471897 7fde9f940c80                  Options.compression_opts.enabled: false
2022/03/08-13:35:39.471974 7fde9f940c80      Options.level0_file_num_compaction_trigger: 4
2022/03/08-13:35:39.471977 7fde9f940c80          Options.level0_slowdown_writes_trigger: 20
2022/03/08-13:35:39.471978 7fde9f940c80              Options.level0_stop_writes_trigger: 36
2022/03/08-13:35:39.471978 7fde9f940c80                   Options.target_file_size_base: 67108864
2022/03/08-13:35:39.471979 7fde9f940c80             Options.target_file_size_multiplier: 1
2022/03/08-13:35:39.471980 7fde9f940c80                Options.max_bytes_for_level_base: 268435456
2022/03/08-13:35:39.471980 7fde9f940c80 Options.level_compaction_dynamic_level_bytes: 0
2022/03/08-13:35:39.471981 7fde9f940c80          Options.max_bytes_for_level_multiplier: 10.000000
2022/03/08-13:35:39.471983 7fde9f940c80 Options.max_bytes_for_level_multiplier_addtl[0]: 1
2022/03/08-13:35:39.471983 7fde9f940c80 Options.max_bytes_for_level_multiplier_addtl[1]: 1
2022/03/08-13:35:39.471984 7fde9f940c80 Options.max_bytes_for_level_multiplier_addtl[2]: 1
2022/03/08-13:35:39.471984 7fde9f940c80 Options.max_bytes_for_level_multiplier_addtl[3]: 1
2022/03/08-13:35:39.471985 7fde9f940c80 Options.max_bytes_for_level_multiplier_addtl[4]: 1
2022/03/08-13:35:39.471985 7fde9f940c80 Options.max_bytes_for_level_multiplier_addtl[5]: 1
2022/03/08-13:35:39.471986 7fde9f940c80 Options.max_bytes_for_level_multiplier_addtl[6]: 1
2022/03/08-13:35:39.471986 7fde9f940c80       Options.max_sequential_skip_in_iterations: 8
2022/03/08-13:35:39.471987 7fde9f940c80                    Options.max_compaction_bytes: 1677721600
2022/03/08-13:35:39.471987 7fde9f940c80                        Options.arena_block_size: 8388608
2022/03/08-13:35:39.471988 7fde9f940c80   Options.soft_pending_compaction_bytes_limit: 68719476736
2022/03/08-13:35:39.471988 7fde9f940c80   Options.hard_pending_compaction_bytes_limit: 274877906944
2022/03/08-13:35:39.471989 7fde9f940c80       Options.rate_limit_delay_max_milliseconds: 100
2022/03/08-13:35:39.471989 7fde9f940c80                Options.disable_auto_compactions: 1
2022/03/08-13:35:39.471991 7fde9f940c80                        Options.compaction_style: kCompactionStyleLevel
2022/03/08-13:35:39.471993 7fde9f940c80                          Options.compaction_pri: kMinOverlappingRatio
2022/03/08-13:35:39.471993 7fde9f940c80 Options.compaction_options_universal.size_ratio: 1
2022/03/08-13:35:39.471994 7fde9f940c80 Options.compaction_options_universal.min_merge_width: 2
2022/03/08-13:35:39.471994 7fde9f940c80 Options.compaction_options_universal.max_merge_width: 4294967295
2022/03/08-13:35:39.471995 7fde9f940c80 Options.compaction_options_universal.max_size_amplification_percent: 200
2022/03/08-13:35:39.471995 7fde9f940c80 Options.compaction_options_universal.compression_size_percent: -1
2022/03/08-13:35:39.471996 7fde9f940c80 Options.compaction_options_universal.stop_style: kCompactionStopStyleTotalSize
2022/03/08-13:35:39.471997 7fde9f940c80 Options.compaction_options_fifo.max_table_files_size: 1073741824
2022/03/08-13:35:39.471997 7fde9f940c80 Options.compaction_options_fifo.allow_compaction: 0
2022/03/08-13:35:39.472003 7fde9f940c80                   Options.table_properties_collectors: 
2022/03/08-13:35:39.472004 7fde9f940c80                   Options.inplace_update_support: 0
2022/03/08-13:35:39.472004 7fde9f940c80                 Options.inplace_update_num_locks: 10000
2022/03/08-13:35:39.472005 7fde9f940c80               Options.memtable_prefix_bloom_size_ratio: 0.000000
2022/03/08-13:35:39.472006 7fde9f940c80               Options.memtable_whole_key_filtering: 0
2022/03/08-13:35:39.472006 7fde9f940c80   Options.memtable_huge_page_size: 0
2022/03/08-13:35:39.472007 7fde9f940c80                           Options.bloom_locality: 0
2022/03/08-13:35:39.472007 7fde9f940c80                    Options.max_successive_merges: 0
2022/03/08-13:35:39.472008 7fde9f940c80                Options.optimize_filters_for_hits: 0
2022/03/08-13:35:39.472008 7fde9f940c80                Options.paranoid_file_checks: 0
2022/03/08-13:35:39.472009 7fde9f940c80                Options.force_consistency_checks: 1
2022/03/08-13:35:39.472036 7fde9f940c80                Options.report_bg_io_stats: 0
2022/03/08-13:35:39.472039 7fde9f940c80                               Options.ttl: 2592000
2022/03/08-13:35:39.472040 7fde9f940c80          Options.periodic_compaction_seconds: 2592000
2022/03/08-13:35:39.472040 7fde9f940c80                    Options.enable_blob_files: false
2022/03/08-13:35:39.472041 7fde9f940c80                        Options.min_blob_size: 0
2022/03/08-13:35:39.472041 7fde9f940c80                       Options.blob_file_size: 268435456
2022/03/08-13:35:39.472042 7fde9f940c80                Options.blob_compression_type: NoCompression
2022/03/08-13:35:39.472042 7fde9f940c80       Options.enable_blob_garbage_collection: false
2022/03/08-13:35:39.472043 7fde9f940c80   Options.blob_garbage_collection_age_cutoff: 0.250000
2022/03/08-13:35:39.472077 7fde9f940c80 [db/db_impl/db_impl.cc:2654] Created column family [CE] (ID 1)
2022/03/08-13:35:39.478531 7fde9f940c80 [db/column_family.cc:595] --------------- Options for column family [CES]:
2022/03/08-13:35:39.478538 7fde9f940c80               Options.comparator: leveldb.BytewiseComparator
2022/03/08-13:35:39.478539 7fde9f940c80           Options.merge_operator: None
2022/03/08-13:35:39.478540 7fde9f940c80        Options.compaction_filter: filter_outdated
2022/03/08-13:35:39.478541 7fde9f940c80        Options.compaction_filter_factory: None
2022/03/08-13:35:39.478541 7fde9f940c80  Options.sst_partitioner_factory: None
2022/03/08-13:35:39.478542 7fde9f940c80         Options.memtable_factory: SkipListFactory
2022/03/08-13:35:39.478543 7fde9f940c80            Options.table_factory: BlockBasedTable
2022/03/08-13:35:39.478562 7fde9f940c80            table_factory options:   flush_block_policy_factory: FlushBlockBySizePolicyFactory (0x55a23b92da90)
  cache_index_and_filter_blocks: 0
  cache_index_and_filter_blocks_with_high_priority: 1
  pin_l0_filter_and_index_blocks_in_cache: 0
  pin_top_level_index_and_filter: 1
  index_type: 0
  data_block_index_type: 0
  index_shortening: 1
  data_block_hash_table_util_ratio: 0.750000
  hash_index_allow_collision: 1
  checksum: 1
  no_block_cache: 0
  block_cache: 0x55a23b9c06c0
  block_cache_name: LRUCache
  block_cache_options:
    capacity : 8388608
    num_shard_bits : 4
    strict_capacity_limit : 0
    memory_allocator : None
    high_pri_pool_ratio: 0.000
  block_cache_compressed: (nil)
  persistent_cache: (nil)
  block_size: 4096
  block_size_deviation: 10
  block_restart_interval: 16
  index_block_restart_interval: 1
  metadata_block_size: 4096
  partition_filters: 0
  use_delta_encoding: 1
  filter_policy: nullptr
  whole_key_filtering: 1
  verify_compression: 0
  read_amp_bytes_per_bit: 0
  format_version: 4
  enable_index_compression: 1
  block_align: 0
2022/03/08-13:35:39.478563 7fde9f940c80        Options.write_buffer_size: 67108864
2022/03/08-13:35:39.478564 7fde9f940c80  Options.max_write_buffer_number: 2
2022/03/08-13:35:39.478565 7fde9f940c80          Options.compression: NoCompression
2022/03/08-13:35:39.478565 7fde9f940c80                  Options.bottommost_compression: Disabled
2022/03/08-13:35:39.478566 7fde9f940c80       Options.prefix_extractor: nullptr
2022/03/08-13:35:39.478566 7fde9f940c80   Options.memtable_insert_with_hint_prefix_extractor: nullptr
2022/03/08-13:35:39.478567 7fde9f940c80             Options.num_levels: 7
2022/03/08-13:35:39.478567 7fde9f940c80        Options.min_write_buffer_number_to_merge: 1
2022/03/08-13:35:39.478568 7fde9f940c80     Options.max_write_buffer_number_to_maintain: 0
2022/03/08-13:35:39.478568 7fde9f940c80     Options.max_write_buffer_size_to_maintain: 0
2022/03/08-13:35:39.478569 7fde9f940c80            Options.bottommost_compression_opts.window_bits: -14
2022/03/08-13:35:39.478569 7fde9f940c80                  Options.bottommost_compression_opts.level: 32767
2022/03/08-13:35:39.478570 7fde9f940c80               Options.bottommost_compression_opts.strategy: 0
2022/03/08-13:35:39.478570 7fde9f940c80         Options.bottommost_compression_opts.max_dict_bytes: 0
2022/03/08-13:35:39.478571 7fde9f940c80         Options.bottommost_compression_opts.zstd_max_train_bytes: 0
2022/03/08-13:35:39.478571 7fde9f940c80         Options.bottommost_compression_opts.parallel_threads: 1
2022/03/08-13:35:39.478572 7fde9f940c80                  Options.bottommost_compression_opts.enabled: false
2022/03/08-13:35:39.478572 7fde9f940c80            Options.compression_opts.window_bits: -14
2022/03/08-13:35:39.478573 7fde9f940c80                  Options.compression_opts.level: 32767
2022/03/08-13:35:39.478573 7fde9f940c80               Options.compression_opts.strategy: 0
2022/03/08-13:35:39.478574 7fde9f940c80         Options.compression_opts.max_dict_bytes: 0
2022/03/08-13:35:39.478574 7fde9f940c80         Options.compression_opts.zstd_max_train_bytes: 0
2022/03/08-13:35:39.478575 7fde9f940c80         Options.compression_opts.parallel_threads: 1
2022/03/08-13:35:39.478575 7fde9f940c80                  Options.compression_opts.enabled: false
2022/03/08-13:35:39.478606 7fde9f940c80      Options.level0_file_num_compaction_trigger: 4
2022/03/08-13:35:39.478608 7fde9f940c80          Options.level0_slowdown_writes_trigger: 20
2022/03/08-13:35:39.478609 7fde9f940c80              Options.level0_stop_writes_trigger: 36
2022/03/08-13:35:39.478609 7fde9f940c80                   Options.target_file_size_base: 67108864
2022/03/08-13:35:39.478610 7fde9f940c80             Options.target_file_size_multiplier: 1
2022/03/08-13:35:39.478610 7fde9f940c80                Options.max_bytes_for_level_base: 268435456
2022/03/08-13:35:39.478611 7fde9f940c80 Options.level_compaction_dynamic_level_bytes: 0
2022/03/08-13:35:39.478612 7fde9f940c80          Options.max_bytes_for_level_multiplier: 10.000000
2022/03/08-13:35:39.478613 7fde9f940c80 Options.max_bytes_for_level_multiplier_addtl[0]: 1
2022/03/08-13:35:39.478614 7fde9f940c80 Options.max_bytes_for_level_multiplier_addtl[1]: 1
2022/03/08-13:35:39.478614 7fde9f940c80 Options.max_bytes_for_level_multiplier_addtl[2]: 1
2022/03/08-13:35:39.478615 7fde9f940c80 Options.max_bytes_for_level_multiplier_addtl[3]: 1
2022/03/08-13:35:39.478615 7fde9f940c80 Options.max_bytes_for_level_multiplier_addtl[4]: 1
2022/03/08-13:35:39.478616 7fde9f940c80 Options.max_bytes_for_level_multiplier_addtl[5]: 1
2022/03/08-13:35:39.478616 7fde9f940c80 Options.max_bytes_for_level_multiplier_addtl[6]: 1
2022/03/08-13:35:39.478617 7fde9f940c80       Options.max_sequential_skip_in_iterations: 8
2022/03/08-13:35:39.478617 7fde9f940c80                    Options.max_compaction_bytes: 1677721600
2022/03/08-13:35:39.478618 7fde9f940c80                        Options.arena_block_size: 8388608
2022/03/08-13:35:39.478618 7fde9f940c80   Options.soft_pending_compaction_bytes_limit: 68719476736
2022/03/08-13:35:39.478619 7fde9f940c80   Options.hard_pending_compaction_bytes_limit: 274877906944
2022/03/08-13:35:39.478620 7fde9f940c80       Options.rate_limit_delay_max_milliseconds: 100
2022/03/08-13:35:39.478620 7fde9f940c80                Options.disable_auto_compactions: 1
2022/03/08-13:35:39.478622 7fde9f940c80                        Options.compaction_style: kCompactionStyleLevel
2022/03/08-13:35:39.478623 7fde9f940c80                          Options.compaction_pri: kMinOverlappingRatio
2022/03/08-13:35:39.478623 7fde9f940c80 Options.compaction_options_universal.size_ratio: 1
2022/03/08-13:35:39.478624 7fde9f940c80 Options.compaction_options_universal.min_merge_width: 2
2022/03/08-13:35:39.478624 7fde9f940c80 Options.compaction_options_universal.max_merge_width: 4294967295
2022/03/08-13:35:39.478625 7fde9f940c80 Options.compaction_options_universal.max_size_amplification_percent: 200
2022/03/08-13:35:39.478625 7fde9f940c80 Options.compaction_options_universal.compression_size_percent: -1
2022/03/08-13:35:39.478626 7fde9f940c80 Options.compaction_options_universal.stop_style: kCompactionStopStyleTotalSize
2022/03/08-13:35:39.478627 7fde9f940c80 Options.compaction_options_fifo.max_table_files_size: 1073741824
2022/03/08-13:35:39.478627 7fde9f940c80 Options.compaction_options_fifo.allow_compaction: 0
2022/03/08-13:35:39.478632 7fde9f940c80                   Options.table_properties_collectors: 
2022/03/08-13:35:39.478633 7fde9f940c80                   Options.inplace_update_support: 0
2022/03/08-13:35:39.478633 7fde9f940c80                 Options.inplace_update_num_locks: 10000
2022/03/08-13:35:39.478634 7fde9f940c80               Options.memtable_prefix_bloom_size_ratio: 0.000000
2022/03/08-13:35:39.478635 7fde9f940c80               Options.memtable_whole_key_filtering: 0
2022/03/08-13:35:39.478635 7fde9f940c80   Options.memtable_huge_page_size: 0
2022/03/08-13:35:39.478636 7fde9f940c80                           Options.bloom_locality: 0
2022/03/08-13:35:39.478636 7fde9f940c80                    Options.max_successive_merges: 0
2022/03/08-13:35:39.478637 7fde9f940c80                Options.optimize_filters_for_hits: 0
2022/03/08-13:35:39.478637 7fde9f940c80                Options.paranoid_file_checks: 0
2022/03/08-13:35:39.478638 7fde9f940c80                Options.force_consistency_checks: 1
2022/03/08-13:35:39.478661 7fde9f940c80                Options.report_bg_io_stats: 0
2022/03/08-13:35:39.478663 7fde9f940c80                               Options.ttl: 2592000
2022/03/08-13:35:39.478663 7fde9f940c80          Options.periodic_compaction_seconds: 2592000
2022/03/08-13:35:39.478664 7fde9f940c80                    Options.enable_blob_files: false
2022/03/08-13:35:39.478665 7fde9f940c80                        Options.min_blob_size: 0
2022/03/08-13:35:39.478665 7fde9f940c80                       Options.blob_file_size: 268435456
2022/03/08-13:35:39.478666 7fde9f940c80                Options.blob_compression_type: NoCompression
2022/03/08-13:35:39.478666 7fde9f940c80       Options.enable_blob_garbage_collection: false
2022/03/08-13:35:39.478667 7fde9f940c80   Options.blob_garbage_collection_age_cutoff: 0.250000
2022/03/08-13:35:39.478694 7fde9f940c80 [db/db_impl/db_impl.cc:2654] Created column family [CES] (ID 2)
2022/03/08-13:35:39.489451 7fde9f940c80 [db/db_impl/db_impl_open.cc:1708] SstFileManager instance 0x55a23b962b60
2022/03/08-13:35:39.489470 7fde9f940c80 DB pointer 0x55a23b9a5a10
2022/03/08-13:35:42.489738 7fddbb7f6700 [db/db_impl/db_impl.cc:927] ------- DUMPING STATS -------
2022/03/08-13:35:42.489778 7fddbb7f6700 [db/db_impl/db_impl.cc:929] 
** DB Stats **
Uptime(secs): 3.0 total, 3.0 interval
Cumulative writes: 8 writes, 8 keys, 8 commit groups, 0.9 writes per commit group, ingest: 0.00 GB, 0.00 MB/s
Cumulative WAL: 8 writes, 0 syncs, 8.00 writes per sync, written: 0.00 GB, 0.00 MB/s
Cumulative stall: 00:00:0.000 H:M:S, 0.0 percent
Interval writes: 8 writes, 8 keys, 8 commit groups, 0.9 writes per commit group, ingest: 0.00 MB, 0.00 MB/s
Interval WAL: 8 writes, 0 syncs, 8.00 writes per sync, written: 0.00 MB, 0.00 MB/s
Interval stall: 00:00:0.000 H:M:S, 0.0 percent

** Compaction Stats [default] **
Level    Files   Size     Score Read(GB)  Rn(GB) Rnp1(GB) Write(GB) Wnew(GB) Moved(GB) W-Amp Rd(MB/s) Wr(MB/s) Comp(sec) CompMergeCPU(sec) Comp(cnt) Avg(sec) KeyIn KeyDrop
----------------------------------------------------------------------------------------------------------------------------------------------------------------------------
 Sum      0/0    0.00 KB   0.0      0.0     0.0      0.0       0.0      0.0       0.0   0.0      0.0      0.0      0.00              0.00         0    0.000       0      0
 Int      0/0    0.00 KB   0.0      0.0     0.0      0.0       0.0      0.0       0.0   0.0      0.0      0.0      0.00              0.00         0    0.000       0      0

** Compaction Stats [default] **
Priority    Files   Size     Score Read(GB)  Rn(GB) Rnp1(GB) Write(GB) Wnew(GB) Moved(GB) W-Amp Rd(MB/s) Wr(MB/s) Comp(sec) CompMergeCPU(sec) Comp(cnt) Avg(sec) KeyIn KeyDrop
-------------------------------------------------------------------------------------------------------------------------------------------------------------------------------
Uptime(secs): 3.0 total, 3.0 interval
Flush(GB): cumulative 0.000, interval 0.000
AddFile(GB): cumulative 0.000, interval 0.000
AddFile(Total Files): cumulative 0, interval 0
AddFile(L0 Files): cumulative 0, interval 0
AddFile(Keys): cumulative 0, interval 0
Cumulative compaction: 0.00 GB write, 0.00 MB/s write, 0.00 GB read, 0.00 MB/s read, 0.0 seconds
Interval compaction: 0.00 GB write, 0.00 MB/s write, 0.00 GB read, 0.00 MB/s read, 0.0 seconds
Stalls(count): 0 level0_slowdown, 0 level0_slowdown_with_compaction, 0 level0_numfiles, 0 level0_numfiles_with_compaction, 0 stop for pending_compaction_bytes, 0 slowdown for pending_compaction_bytes, 0 memtable_compaction, 0 memtable_slowdown, interval 0 total count

** File Read Latency Histogram By Level [default] **

** Compaction Stats [CE] **
